48013
46305
45298
37304
42229
44649
46191
26015
26161
31235
45898
9921
11620
36127
45410
20316
14931
41281
42070
44319
20243
27703
25137
45372
41323
47226
26538
31663
30543
25269
45030
43678
38537
42557
47245
36983
41130
46942
36715
48520
37861
38437
42764
36804
27987
40373
42091
39959
40622
42365
52068
48900
41795
41571
31231
42866
40182
6752
47356
28778
46296
32882
33997
42600
25402
47270
38963
38271
42758
50820
36076
44714
44485
40906
40567
44757
44720
45105
36706
16773
22941
41048
42385
41893
45811
51258
49475
49606
16946
35338
42330
42976
45225
28639
41606
35758
44175
41735
29459
26771
43319
35596
33024
42261
48981
46536
45779
21063
43146
48845
14961
39165
21844
40866
33748
40022
44318
45392
7749
21188
44851
44861
50287
41215
40237
43029
44568
24766
49708
30124
45279
46378
41716
35642
44191
28039
9472
26984
24185
29669
46321
48304
46049
45142
47030
29999
28420
35712
18015
44154
43625
9687
47073
33020
27641
47651
45904
27624
46968
8100
16318
38193
26727
42485
37404
26997
20853
34632
28970
25829
5976
42685
36998
42582
25803
23121
43442
18207
16730
51753
26640
45675
46849
25373
39885
45601
42107
11559
25745
52739
21666
47683
44382
36299
44388
44097
31968
47379
40150
25270
23832
48088
28656
18215
43638
24034
29956
44074
36118
36077
26440
43036
20710
25372
33801
33030
47450
45803
44961
25061
45660
46474
44263
29403
27010
9463
45594
28750
43877
42756
46262
24962
28767
41892
48378
32365
43797
32062
41566
15925
42160
19017
48542
27821
47472
47794
44726
44589
44895
15934
49146
32598
33093
38860
37719
11793
52068
46168
39667
45954
33224
43780
42852
31526
40920
39277
43681
16476
48171
45019
32169
50866
24853
41033
20636
25371
53429
40297
28975
20379
43161
38006
43039
24157
26853
29788
46506
29306
46889
41575
21234
39751
44090
45805
28023
24581
21423
32144
40852
41780
31429
41126
41011
15473
52217
25475
38194
52124
36142
24251
45939
44591
34743
51368
43131
45534
38007
42305
31246
46771
29789
23079
27700
24535
32974
25488
43824
19008
26643
44091
48148
26494
6021
50529
41960
28199
35380
39291
40641
35952
33185
16079
45963
45575
45435
48316
46916
42370
44472
17741
42927
36904
27815
45201
50356
45504
35080
25442
47920
40998
37784
46169
44328
46967
33600
47097
15328
47960
48073
42361
49012
16995
41894
48521
4141
38320
41581
27704
41557
36720
33327
41561
43526
42912
43355
38253
37471
38426
21676
5294
49670
24812
43097
47972
42602
38780
45725
27544
44034
25805
47024
46202
44298
50577
45191
46187
41678
43522
30142
17999
24834
13928
16774
14167
24066
44824
39990
51035
51306
44841
34542
31367
28489
16686
41330
10542
3353
49120
53306
19459
41452
43697
1992
37012
25554
36416
15924
42972
32218
45916
14495
13346
49600
48595
28808
27701
24907
44132
43416
32976
45048
44322
29984
47363
39170
11361
46054
49024
34581
32970
25717
46219
47013
39287
35660
13963
44718
52453
44594
24734
44648
17144
44840
49484
28050
34884
43443
32369
38672